100	430	4
280	430	12
490	430	21
680	420	28
880	420	36
1080	420	45
1280	420	53
1480	420	62
1680	420	70
1870	420	78
2070	420	86
2270	420	95
2470	420	103
2680	420	112
2870	420	120
3070	420	128
3280	420	137
3470	420	145
3670	410	150
3880	420	162
4070	420	170
4270	420	179
4480	410	183
4670	410	191
4880	410	200
5080	410	208
5270	420	221
5470	410	224
5670	410	232
5860	410	240
6080	410	249
6280	410	257
6470	410	265
6670	410	273
6870	410	281
7070	410	289
7270	410	298
7460	410	305
7660	410	314
7870	410	322
8060	410	330
8270	410	339
8480	410	347
8670	410	355
8870	410	363
9070	410	371
9260	410	379
9470	410	388
9670	410	396
9860	410	404
10070	410	412
10270	410	421
10470	410	429
10670	410	437
10870	400	434
11070	400	442
11260	400	450
11460	400	458
11660	400	466
11870	400	474
12060	400	482
12260	400	490
12470	400	498
12670	400	506
12870	400	514
13070	390	509
13270	390	517
13470	390	525
13670	390	533
13870	380	527
14070	380	534
14270	370	527
14470	370	535
14670	360	528
14870	360	535
15060	350	527
15260	340	518
15450	330	509
15660	320	501
15870	300	476
16060	290	465
16260	270	439
16470	240	395
16660	210	349
16860	180	303
17060	140	238
17260	90	155
17470	30	52
17590	0	0
17590	0	0
17590	0	0
17590	0	0
17590	0	0
17590	0	0
17590	0	0
17590	0	0
17590	0	0
17590	0	0
17590	0	0
17590	0	0
17590	0	0
17590	0	0
17590	0	0
17600	0	0
17600	0	0
17600	0	0
17600	0	0
17600	0	0
17600	0	0
17600	0	0
17600	0	0
17600	0	0
17600	0	0
17600	0	0
17600	0	0
17600	0	0
17600	0	0
17600	0	0
17600	0	0
17600	0	0
